1,3.54839434245,1.1972749632893551
2,3.71845190279375,6.904520080062457
3,4.142699926031818,9.4477799539087
4,5.022807293281204,8.839545043239848
5,5.608629697665096,17.759848127410578
6,5.532952002263787,11.096898918124179
7,5.703725468618263,8.775378148606388
8,5.887567421811713,10.464056103125316
9,6.323216801211008,13.08591488809425
10,5.853253798740241,8.389765045566419
11,5.826311483459395,8.683679716466765
12,5.44111501925,5.88107347539995
13,4.547066992794286,2.962211497617997
14,5.190267446056523,4.710920550780549
15,3.86946856402,1.4850962689936058
16,4.130757158300001,2.8962154128978685
17,6.306629586450001,0.9792716883460868
18,6.5592074318,4.890403935134303
